-113 877
-113 876
-112 875
-110 874
-105 873
-94 871
-71 868
-36 867
16 865
75 862
131 860
175 859
220 857
255 857
277 857
296 857
313 857
330 857
347 857
366 858
382 858
397 859
407 859
413 859
417 859
420 859
423 859
429 859
436 859
444 859
449 858
453 858
457 858
463 858
476 858
504 858
540 858
591 857
677 850
744 843
820 833
890 824
953 814
1013 803
1068 792
1111 782
1154 774
1183 766
1199 759
1204 756
1204 755
1204 752
1204 743
1204 727
1197 709
1189 692
1181 675
1179 664
1177 655
1176 645
1172 635
1159 625
1132 614
1096 606
1041 604
1008 609
985 619
982 624
982 626
992 635
1017 648
1055 658
1118 666
1191 669
1258 661
1314 642
1342 621
1348 601
1343 576
1322 546
1295 526
1265 514
1248 513
1243 518
1243 527
1253 542
1280 561
1328 580
1379 590
1435 594
1499 594
1558 581
1591 562
1609 538
1615 519
1616 507
1613 497
1610 491
1608 487
1607 486
1607 485
1607 485
1607 485
1607 485
1607 484
1607 479
1611 472
1619 462
1628 448
1644 428
1660 410
1675 392
1690 372
1706 351
1723 330
1736 313
1752 296
1767 279
1775 265
1784 250
1792 237
1798 226
1804 219
1807 214
1810 209
1812 206
1813 203
1813 201
1813 198
1813 194
1813 189
1814 184
1816 177
1816 170
1817 165
1817 160
1816 157
1813 154
1805 150
1793 148
1785 147
1782 147
1782 147
1782 147
1781 147
1779 149
1774 154
1768 159
1757 164
1752 166
1749 167
1749 167
1749 167
1749 167
1749 167
1749 167
1749 167
1749 167
1749 168
1749 168
1749 168
1749 168
1749 168
1749 168
1749 168
1749 168
1749 168
1749 168
1749 168
1750 168
1751 169
1752 169
1755 169
1756 170
1759 170
1760 170
1762 170
1763 170
1763 170
1763 170
1763 170
1763 170
1763 170
1763 170
1763 170
1763 170
1763 170
1763 170
1763 170
1763 170
1763 170
1763 170
1763 170
1763 170
1763 170
1763 170
1763 170
1763 170
1763 170
1763 170
1763 170
1763 170
1763 170
1763 170
1763 170
1763 170
1763 170
1763 170
1763 170
1763 170
1763 170
1763 170
1763 170
1763 170
1763 170
1763 170
1763 170
1763 170
1763 170
1763 170
1763 170
1763 170
1763 170
1763 170
1763 170
1763 170
1763 170
1763 170
1763 170
1763 170
1763 170
1763 170
1763 170
1763 170
1763 170
1763 170
1763 170
1763 170
1763 170
1763 170
1763 170
1763 170
1763 170
1763 170
1763 170
1763 170
1763 171
1763 171
1763 171
1763 171
1763 171
1763 171
1763 171
1763 171
1763 171
1763 171
1763 171
1763 171
1763 171
1763 171
1763 171
1763 171
1763 171
1763 171
1763 171
1763 171
1763 171
1763 171
1763 171
1763 171
1763 171
1763 171
1763 171
1763 171
1763 171
1763 171
1763 171
1763 171
1763 171
1763 171
1763 171
1763 171
1763 171
1763 171
1763 171
1763 171
1763 171
1763 171
1763 171
1763 171
1763 171
1763 171
1763 171
1763 171
1763 171
1763 171
1763 171
1763 171
1763 171
1763 171
1763 171
1763 171
1763 171
1763 171
1763 171
1763 171
1763 171
1763 171
1763 171
1763 171
1763 171
1763 171
1763 171
1763 171
1763 171
1763 171
1763 171
1763 171
1763 171
1763 171
1763 171
1763 171
1763 171
1763 171
1763 171
1763 171
1763 171
1763 171
1763 171
1763 171
1763 171
1763 171
1763 171
1763 171
1763 171
1763 171
1763 171
1763 171
1763 171
1763 171
1763 171
1763 171
1763 171
1763 171
1763 171
1763 171