756 471
756 471
756 471
756 471
756 471
756 471
756 471
756 471
756 471
756 471
756 471
756 471
756 471
756 471
756 471
756 471
756 471
756 471
756 471
756 471
756 471
756 471
756 471
756 471
756 471
756 471
756 471
756 471
756 471
756 471
756 471
756 471
756 471
756 471
756 471
756 471
756 471
756 471
756 471
756 471
756 471
756 471
756 471
756 471
756 471
756 471
756 471
756 471
756 471
756 471
756 471
756 471
756 471
756 471
756 471
756 471
756 471
756 471
756 471
756 471
756 471
756 471
756 471
756 471
756 470
745 466
723 461
694 456
657 455
625 455
588 456
556 459
537 462
522 465
513 468
510 470
509 472
509 475
508 480
508 489
508 500
508 509
512 518
516 525
521 532
525 537
528 539
531 541
534 543
539 544
542 545
549 546
556 547
564 548
575 549
583 550
590 550
598 550
604 551
608 551
608 551
608 551
608 551
608 551
608 551
608 551
608 551
608 551
608 551
608 551
608 551
608 551
609 551
610 550
611 550
612 550
612 550
613 550
616 550
617 550
619 550
620 550
621 550
621 550
622 550
623 550
623 550
624 550
624 550
625 549
625 549
625 549
625 549
625 549
625 549
626 549
627 549
628 548
629 548
630 548
630 548
630 548
630 548
630 548
630 548
630 548
630 548
630 548
630 548
630 548
630 548
630 548
630 548
630 548
630 548
630 548
630 548
630 548
630 548
630 548
630 548
630 548
630 548
630 548
630 548
630 548
630 548
630 548
630 548
630 548
630 548
630 548
630 548
630 548
630 548
630 548
630 548
630 548
630 548
630 548
630 548
630 548
630 548
630 548
630 548
630 548
630 548
630 548
630 548
630 548
630 548
630 548
630 548
630 548
630 548
630 548
630 548
630 548
630 548
630 548
630 548
630 548
630 548
630 548
630 548
630 548
630 548
630 548
630 548
630 548
630 548
630 548
630 548
630 548
630 548
630 548
630 548
630 548
630 548
630 548
630 548
630 548
630 548
630 548
630 548
630 548
630 548
630 548
630 548
630 548
630 548
630 548
630 548
630 548
630 548
630 548
630 548
630 548
630 548
630 548
630 548
630 548
630 548
630 548
630 548
630 548
630 548
630 548
630 548
630 548
630 548
630 548
630 548
630 548
630 548
630 548
630 548
630 548
630 548
