1277 679
1277 679
1277 679
1277 679
1277 679
1277 679
1277 679
1277 679
1277 679
1277 679
1277 679
1277 679
1277 679
1277 679
1277 679
1277 679
1277 679
1277 679
1277 679
1277 679
1277 679
1277 679
1277 679
1277 679
1277 679
1277 679
1277 679
1277 679
1277 679
1277 679
1277 679
1277 679
1277 679
1277 678
1277 678
1277 678
1277 678
1277 678
1277 678
1277 678
1277 678
1277 678
1277 678
1277 678
1277 678
1277 678
1277 678
1277 678
1277 678
1277 678
1277 678
1277 678
1277 678
1277 678
1277 678
1277 678
1277 678
1277 678
1277 678
1277 678
1277 678
1277 678
1277 678
1277 678
1277 678
1277 678
1277 678
1277 683
1277 691
1278 698
1279 705
1279 710
1280 717
1281 724
1281 730
1283 735
1283 742
1285 748
1285 755
1287 763
1289 771
1291 780
1293 786
1294 791
1295 795
1295 798
1296 802
1296 806
1296 809
1297 812
1297 814
1297 817
1297 819
1296 821
1296 821
1296 821
1296 821
1296 821
1296 821
1296 821
1296 821
1296 822
1295 822
1292 824
1289 826
1287 827
1286 827
1286 827
1286 827
1286 827
1286 827
1286 827
1286 827
1286 827
1286 827
1286 827
1286 827
1286 827
1286 827
1286 827
1286 827
1286 827
1286 827
1286 827
1286 827
1286 827
1286 827
1286 827
1286 827
1286 827
1286 827
1286 827
1286 827
1286 827
1286 827
1286 827
1286 827
1286 827
1286 827
1286 827
1286 827
1286 827
1286 827
1286 827
1286 827
1286 827
1286 827
1286 827
1286 827
1286 827
1286 827
1286 827
1286 827
1286 827
1286 827
1286 827
1286 827
1286 827
1286 827
1286 827
1286 827
1286 827
1286 827
1286 827
1286 827
1286 827
1286 827