1421 788
1421 788
1421 788
1421 788
1421 788
1421 788
1421 788
1421 785
1418 775
1410 752
1395 720
1380 697
1359 671
1343 652
1319 627
1299 608
1271 582
1245 561
1213 534
1184 513
1149 488
1117 467
1088 450
1055 434
1018 417
985 405
942 389
908 376
864 359
830 348
789 335
757 325
718 311
685 298
650 283
608 265
575 253
537 237
512 225
483 212
462 203
436 192
412 183
386 171
365 160
341 146
321 135
298 124
271 111
250 101
229 90
217 83
211 79
210 78
210 77
210 77
210 77
210 76
210 76
210 76
210 76
210 76
210 76
210 76
210 76
209 76
207 75
203 74
195 72
184 70
169 68
152 65
139 64
124 62
113 62
100 61
92 61
88 60
86 60
86 60
86 60
86 60
86 60
86 60
86 60
86 60
86 60
86 60