1770 176
1770 176
1770 176
1770 176
1770 176
1770 176
1770 176
1770 176
1770 176
1770 176
1770 176
1770 176
1770 176
1770 176
1770 176
1770 176
1770 176
1770 176
1770 176
1770 176
1770 176
1770 176
1770 176
1770 176
1770 176
1770 176
1770 176
1770 176
1770 176
1770 176
1770 176
1770 176
1770 176
1770 176
1770 176
1770 176
1770 176
1770 176
1770 176
1770 176
1770 176
1770 176
1770 176
1770 175
1770 175
1770 175
1770 175
1770 175
1770 175
1770 175
1770 175
1770 175
1770 175
1770 175
1770 175
1770 175
1770 175
1770 175
1770 175
1770 175
1770 175
1770 175
1770 175
1770 175
1770 175
1770 175
1770 175
1770 175
1770 175
1770 175
1770 175
1770 175
1770 175
1769 175
1766 175
1764 176
1763 176
1762 177
1761 177
1760 177
1758 178
1757 178
1754 179
1753 180
1751 181
1750 181
1749 182
1747 182
1746 183
1744 183
1739 184
1733 185
1722 187
1709 188
1694 190
1672 192
1651 192
1625 193
1598 193
1555 194
1517 194
1468 194
1425 196
1382 198
1332 201
1292 204
1250 209
1198 216
1154 223
1108 231
1060 240
998 253
935 267
890 277
856 285
833 293
826 298
824 302
824 306
823 313
823 321
823 333
823 344
822 355
820 372
820 387
820 401
821 415
824 428
828 433
830 436
833 436
838 436
848 436
873 429
906 415
953 387
987 357
1013 328
1024 300
1022 275
1009 258
988 243
957 233
901 229
832 230
773 240
720 255
674 278
651 299
644 323
645 343
653 368
666 389
685 413
703 429
721 441
731 446
737 448
741 449
741 449
741 449
741 449
741 449
741 449
741 449
741 449
741 449
741 449
741 449
741 449
741 449
741 449
741 449
741 449
741 449
741 449
741 449
739 448
738 448
735 448
734 448
733 448
730 448
728 448
726 448
725 448
723 448
722 448
722 448
722 448
722 448
722 448
722 448
722 448
722 448
722 448
722 448
722 448
722 448
721 447
721 447
721 447
721 447
721 447
721 447
721 447
721 447
721 447
721 447
721 447
721 447
721 447
721 447
721 447
721 447
721 447
721 447
721 447
721 447
721 447
721 447
721 447
721 447
721 447
721 447
721 447
721 447
721 447
721 447
721 447
721 447
721 447
721 447
721 447
721 447
721 447
721 447
721 447
721 447
721 447
721 447
721 447
721 447
721 447
721 447
721 447
721 447
721 447
721 447
721 447
721 447
721 447
721 447
721 447
721 447
721 447
721 447
721 447
721 447
721 447
721 447
721 447
721 447
721 447
721 447
721 447
721 447
721 447
721 447
721 447
721 447
721 447
721 447
721 447
721 447
721 447
721 447
721 447
721 447
721 447
721 447
721 447
721 447
721 447
721 447
721 447
721 447
721 447
721 447
721 447
721 447
721 447
721 447
721 447
721 447
721 447
721 447
721 447
721 447
721 447
721 447
721 447
721 447
721 447
721 447
721 447
721 447
721 447
721 447
721 447
721 447
721 447
721 447
721 447
721 447
721 446
721 446
721 446
721 446
721 446
721 446
721 446
721 446
721 446
721 446
721 446
721 446
721 446
721 446
721 446
721 446
721 446
721 446
721 446
721 446
721 446
721 446
721 446
721 446
721 446
721 446
721 446
721 446
721 446
721 446
721 446
721 446