792 448
792 448
792 448
792 448
792 448
792 448
792 448
792 448
792 448
792 448
792 448
792 448
792 448
792 448
792 448
792 448
792 448
792 448
792 448
792 448
792 448
792 448
792 448
792 448
792 448
792 448
792 448
792 448
792 448
792 448
792 448
792 448
792 448
792 448
792 448
792 448
792 448
792 448
792 448
792 448
792 448
792 448
792 448
792 448
792 448
792 448
792 448
792 448
792 448
792 448
792 448
792 448
792 448
792 448
792 448
792 448
792 448
791 448
785 448
772 447
756 447
731 448
703 451
679 454
652 458
633 461
620 466
616 468
616 468
616 468
616 469
618 470
619 471
620 472
622 472
624 474
627 475
629 476
631 477
634 479
636 480
638 481
640 482
643 483
644 484
645 484
645 484
645 484
645 484
645 485
645 485
645 485
645 485
645 485
645 485
645 485
645 485
645 485
645 485
645 485
645 485
645 485
645 485
645 485
645 485
645 485
645 485
645 485
645 485
645 485
645 485
646 486
646 486
646 486
646 486
646 486
646 486
646 486
646 486
646 486
646 486
646 486
646 486
646 486
646 486
646 486
646 486
646 486
646 486
646 486
646 486
646 486
646 486
646 486
646 486
646 486
646 486
646 486
646 486
646 486
646 486
646 486
646 486
646 486
646 486
646 486
646 486
646 486
646 486
646 486
646 486
646 486
646 486