638 540
638 540
638 540
638 540
638 540
638 540
638 540
638 540
638 540
638 540
638 540
638 540
638 540
638 540
638 540
638 540
638 540
638 540
638 540
638 540
638 540
638 540
638 540
638 540
638 540
638 540
638 540
638 540
638 540
638 540
638 540
638 540
638 540
638 540
638 540
638 540
638 540
638 540
638 540
638 540
638 540
638 540
638 540
638 540
638 540
638 540
638 540
638 540
638 540
638 540
638 540
638 540
638 540
638 540
638 540
638 540
638 540
638 540
638 540
638 540
638 540
638 540
638 540
638 540
638 540
638 540
638 540
638 540
638 540
638 542
640 551
647 570
658 588
677 612
701 635
745 663
790 682
843 698
912 707
983 712
1037 712
1090 711
1148 707
1200 702
1234 698
1260 693
1272 690
1277 688
1277 688
1277 688
1277 688
1277 688
1277 688
1277 688
1277 688
1277 688
1277 687
1277 687
1277 687
1277 687
1277 687
1277 687
1277 687
1277 687
1277 687
1277 687
1277 687
1277 687
1277 687
1277 687
1277 686
1277 685
1277 685
1277 685
1277 684
1277 683
1277 682
1277 681
1277 680
1277 679
1277 679
1277 679
1277 679
1277 679
1277 679
1277 679
1277 679
1277 679
1277 679
1277 679
1277 679
1277 679
1277 679
1277 679
1277 679
1277 679
1277 679
1277 679
1277 679
1277 679
1277 679
1277 679
1277 679
1277 679
1277 679
1277 679
1277 679
1277 679
1277 679
1277 679
1277 679
1277 679
1277 679
1277 679
1277 679
1277 679
1277 679
1277 679
1277 679
1277 679
1277 679
1277 679
1277 679
1277 679
1277 679
1277 679
1277 679
1277 679
1277 679
1277 679
1277 679
1277 679
1277 679
1277 679
1277 679
1277 679
1277 679
1277 679
1277 679
1277 679
1277 679
1277 679
1277 679
1277 679
1277 679
1277 679
1277 679
1277 679
1277 679
1277 679
1277 679
1277 679
1277 679
1277 679
1277 679
1277 679
1277 679
1277 679
1277 679
1277 679
1277 679
1277 679